[Territories]
0,74,137,Kala,1,6
1,112,75,Kala,2,6,0,15
2,165,92,Kala,3,4,5,6,1
3,228,59,Kala,7,4,2
4,217,113,Kala,3,2,5
5,196,150,Kala,30,4,23,22,6,2
6,127,139,Kala,0,1,2,5,22
7,315,47,Enevim,8,3
8,370,58,Enevim,10,9,7
9,434,44,Enevim,10,11,8
10,389,26,Enevim,8,9
11,467,98,Nova,9,30,12
12,511,128,Nova,13,14,11
13,547,89,Nova,15,14,12
14,561,142,Nova,13,12,16
15,618,62,Nova,13,1
16,570,203,Nova,14,41,17
17,620,292,Barak Los,16,18,19,20
18,584,304,Barak Los,17,19
19,613,369,Barak Los,17,18,20
20,651,342,Barak Los,17,19,24
21,59,252,Barba Moya,22,24
22,115,254,Barba Moya,6,5,21,24,25,23
23,167,266,Barba Moya,22,5,31,32,33,26,25
24,68,343,Barba Moya,21,22,25,28,27,20
25,136,349,Barba Moya,22,23,26,29,28,24
26,186,344,Barba Moya,23,25,29
27,82,422,Barba Moya,24,28
28,134,421,Barba Moya,27,24,25,29
29,190,410,Barba Moya,28,25,26,36
30,346,155,Neimaach,11,31,5
31,318,199,Neimaach,30,40,32,23
32,289,252,Neimaach,31,23,33,34
33,276,300,Neimaach,23,32,34,35
34,346,316,Neimaach,32,33,35,37
35,305,370,Neimaach,36,33,34,37,38
36,271,422,Neimaach,29,35
37,404,331,Neimaach,34,40,35,38,39
38,406,385,Neimaach,35,37,39
39,465,343,Neimaach,37,38
40,414,229,Neimaach,31,37,41
41,483,236,Neimaach,40,16
